MasterID,Mag,Magerr,RA,Dec,MJD,Blend
1121045008618,14.62,0.06,133.70363,20.10852,53469.18946,0
1121045008618,14.63,0.06,133.70363,20.10849,53469.19759,0
1121045008618,14.62,0.06,133.70364,20.10850,53469.20575,0
1121045008618,14.63,0.06,133.70364,20.10852,53469.21386,0
1121045008618,14.47,0.06,133.70360,20.10851,53481.23159,0
1121045008618,14.49,0.06,133.70361,20.10852,53481.23975,0
1121045008618,14.49,0.06,133.70361,20.10852,53481.24789,0
1121045008618,14.47,0.06,133.70362,20.10850,53481.25601,0
1121045008618,13.94,0.05,133.70363,20.10853,53726.34968,0
1121045008618,13.92,0.05,133.70362,20.10852,53726.35659,0
1121045008618,13.93,0.05,133.70362,20.10851,53726.36351,0
1121045008618,13.93,0.05,133.70363,20.10851,53726.37043,0
1121045008618,13.85,0.05,133.70361,20.10853,53700.49839,0
1121045008618,13.97,0.06,133.70363,20.10850,53700.50637,0
1121045008618,13.85,0.05,133.70363,20.10852,53700.51436,0
1121045008618,13.86,0.05,133.70360,20.10851,53700.52238,0
1121045008618,14.21,0.05,133.70360,20.10846,53655.45663,0
1121045008618,14.20,0.05,133.70360,20.10850,53655.46113,0
1121045008618,14.21,0.05,133.70359,20.10847,53655.46563,0
1121045008618,14.21,0.05,133.70362,20.10849,53655.46999,0
1121045008618,13.78,0.05,133.70362,20.10851,53670.46785,0
1121045008618,13.78,0.05,133.70362,20.10852,53670.47272,0
1121045008618,13.78,0.05,133.70362,20.10849,53670.47760,0
1121045008618,14.47,0.06,133.70362,20.10847,53636.48562,0
1121045008618,14.49,0.06,133.70361,20.10849,53636.49059,0
1121045008618,14.45,0.06,133.70364,20.10851,53636.49553,0
1121045008618,14.46,0.06,133.70362,20.10850,53636.50050,0
1121045008618,15.01,0.06,133.70362,20.10851,53844.14338,0
1121045008618,15.00,0.06,133.70361,20.10850,53844.15093,0
1121045008618,15.03,0.06,133.70361,20.10851,53844.15850,0
1121045008618,15.02,0.06,133.70359,20.10850,53844.16608,0
1121045008618,15.53,0.06,133.70363,20.10851,54081.45178,0
1121045008618,15.53,0.06,133.70361,20.10853,54081.45831,0
1121045008618,15.54,0.06,133.70364,20.10852,54081.46487,0
1121045008618,15.49,0.06,133.70364,20.10852,54081.47151,0
1121045008618,15.51,0.06,133.70361,20.10851,54092.42916,0
1121045008618,15.52,0.06,133.70364,20.10851,54092.43399,0
1121045008618,15.50,0.06,133.70363,20.10848,54092.43883,0
1121045008618,15.54,0.06,133.70362,20.10849,54092.44372,0
1121045008618,14.99,0.06,133.70362,20.10850,53768.32303,0
1121045008618,14.98,0.06,133.70362,20.10853,53768.33045,0
1121045008618,14.98,0.06,133.70362,20.10850,53768.33789,0
1121045008618,14.98,0.06,133.70361,20.10852,53768.34530,0
1121045008618,15.14,0.06,133.70360,20.10850,53788.22051,0
1121045008618,15.14,0.06,133.70362,20.10850,53788.23340,0
1121045008618,15.14,0.06,133.70362,20.10851,53788.24164,0
1121045008618,14.97,0.06,133.70361,20.10848,53788.24994,0
1121045008618,15.01,0.06,133.70363,20.10850,53794.24471,0
1121045008618,15.00,0.06,133.70362,20.10852,53794.25117,0
1121045008618,15.03,0.06,133.70363,20.10852,53794.25766,0
1121045008618,15.00,0.06,133.70362,20.10852,53794.26411,0
1121045008618,14.12,0.05,133.70359,20.10852,53740.32756,0
1121045008618,14.13,0.05,133.70360,20.10852,53740.33458,0
1121045008618,14.13,0.05,133.70362,20.10852,53740.34159,0
1121045008618,14.13,0.05,133.70361,20.10850,53740.34862,0
1121045008618,14.18,0.05,133.70362,20.10852,53745.42472,0
1121045008618,14.18,0.05,133.70361,20.10851,53745.43179,0
1121045008618,14.19,0.05,133.70362,20.10853,53745.43884,0
1121045008618,14.19,0.05,133.70361,20.10850,53745.44583,0
1121045008618,14.46,0.06,133.70361,20.10851,53754.23785,0
1121045008618,14.46,0.06,133.70362,20.10848,53754.24444,0
1121045008618,14.47,0.06,133.70363,20.10850,53754.25102,0
1121045008618,14.48,0.06,133.70362,20.10851,53754.25764,0
1121045008618,14.60,0.06,133.70360,20.10852,53761.26843,0
1121045008618,14.62,0.06,133.70363,20.10851,53761.27167,0
1121045008618,14.61,0.06,133.70360,20.10851,53761.27506,0
1121045008618,14.62,0.06,133.70361,20.10852,53761.27831,0
1121045008618,15.38,0.09,133.70368,20.10853,53866.19063,0
1121045008618,15.32,0.09,133.70358,20.10826,53866.19147,0
1121045008618,15.47,0.10,133.70351,20.10852,53866.19221,0
1121045008618,15.42,0.10,133.70363,20.10849,53866.19294,0
1121045008618,15.52,0.06,133.70362,20.10855,53875.16779,0
1121045008618,15.49,0.06,133.70366,20.10847,53875.17264,0
1121045008618,15.52,0.06,133.70351,20.10853,53875.17752,0
1121045008618,15.48,0.06,133.70357,20.10849,53875.18236,0
1121045008618,15.03,0.06,133.70364,20.10854,53881.14457,0
1121045008618,15.06,0.06,133.70359,20.10853,53881.15378,0
1121045008618,15.03,0.06,133.70364,20.10850,53881.16307,0
1121045008618,15.06,0.06,133.70363,20.10852,53881.17231,0
1121045008618,15.46,0.06,133.70359,20.10849,54053.47064,0
1121045008618,15.45,0.06,133.70360,20.10847,54053.47720,0
1121045008618,15.44,0.06,133.70361,20.10852,54053.48384,0
1121045008618,15.47,0.06,133.70366,20.10850,54053.49051,0
1121045008618,15.40,0.06,133.70363,20.10849,54028.45675,0
1121045008618,15.40,0.06,133.70362,20.10849,54028.46599,0
1121045008618,15.41,0.06,133.70362,20.10850,54028.47522,0
1121045008618,15.40,0.06,133.70362,20.10850,54028.48447,0
1121045008618,15.49,0.06,133.70368,20.10853,54003.48966,0
1121045008618,15.51,0.06,133.70363,20.10852,54003.49361,0
1121045008618,15.51,0.06,133.70366,20.10846,54003.49753,0
1121045008618,15.51,0.06,133.70366,20.10851,54003.50149,0
1121045008618,14.70,0.06,133.70363,20.10851,54197.14820,0
1121045008618,14.70,0.06,133.70363,20.10852,54197.15356,0
1121045008618,14.68,0.06,133.70364,20.10851,54197.15891,0
1121045008618,14.72,0.06,133.70362,20.10852,54197.16428,0
1121045008618,15.11,0.06,133.70361,20.10851,54205.16054,0
1121045008618,15.10,0.06,133.70365,20.10851,54205.16701,0
1121045008618,15.10,0.06,133.70363,20.10853,54205.17345,0
1121045008618,15.11,0.06,133.70362,20.10853,54205.17990,0
1121045008618,13.85,0.05,133.70362,20.10849,54437.34288,0
1121045008618,13.85,0.05,133.70362,20.10849,54437.35037,0
1121045008618,13.85,0.05,133.70363,20.10849,54437.35788,0
1121045008618,13.86,0.05,133.70361,20.10850,54437.36538,0
1121045008618,13.81,0.05,133.70361,20.10850,54454.33339,0
1121045008618,13.82,0.05,133.70361,20.10849,54454.34041,0
1121045008618,13.80,0.05,133.70360,20.10849,54454.34746,0
1121045008618,13.81,0.05,133.70361,20.10849,54454.35451,0
1121045008618,14.25,0.05,133.70362,20.10851,54464.38393,0
1121045008618,14.25,0.05,133.70363,20.10851,54464.39048,0
1121045008618,14.24,0.05,133.70361,20.10850,54464.39703,0
1121045008618,14.25,0.05,133.70361,20.10849,54464.40358,0
1121045008618,15.60,0.06,133.70362,20.10854,54138.20955,0
1121045008618,15.64,0.06,133.70363,20.10851,54138.21610,0
1121045008618,15.67,0.06,133.70362,20.10848,54138.22264,0
1121045008618,15.65,0.06,133.70361,20.10851,54138.22919,0
1121045008618,15.30,0.06,133.70364,20.10851,54156.13338,0
1121045008618,15.33,0.06,133.70361,20.10849,54156.14398,0
1121045008618,15.34,0.06,133.70362,20.10850,54156.15293,0
1121045008618,15.32,0.06,133.70363,20.10852,54156.16190,0
1121045008618,15.32,0.06,133.70366,20.10850,54108.30298,0
1121045008618,15.36,0.06,133.70365,20.10850,54108.30942,0
1121045008618,15.31,0.06,133.70364,20.10851,54108.31588,0
1121045008618,15.33,0.06,133.70364,20.10852,54108.32234,0
1121045008618,15.87,0.06,133.70364,20.10853,54116.31014,0
1121045008618,15.87,0.06,133.70359,20.10854,54116.31666,0
1121045008618,15.85,0.06,133.70360,20.10848,54116.32319,0
1121045008618,15.87,0.06,133.70358,20.10848,54116.32974,0
1121045008618,15.45,0.06,133.70362,20.10847,54170.17122,0
1121045008618,15.46,0.06,133.70360,20.10853,54170.17604,0
1121045008618,15.45,0.06,133.70358,20.10846,54170.18088,0
1121045008618,15.46,0.06,133.70363,20.10851,54170.18571,0
1121045008618,14.95,0.06,133.70359,20.10851,54185.12025,0
1121045008618,14.96,0.06,133.70361,20.10852,54185.12997,0
1121045008618,14.97,0.06,133.70362,20.10851,54185.13968,0
1121045008618,14.95,0.06,133.70362,20.10853,54185.14940,0
1121045008618,14.31,0.05,133.70362,20.10849,54231.15766,0
1121045008618,14.29,0.05,133.70360,20.10853,54231.16411,0
1121045008618,14.30,0.05,133.70363,20.10852,54231.17051,0
1121045008618,14.31,0.05,133.70362,20.10851,54231.17694,0
1121045008618,14.46,0.06,133.70362,20.10850,54241.14479,0
1121045008618,14.47,0.06,133.70363,20.10852,54241.15349,0
1121045008618,14.47,0.06,133.70363,20.10851,54241.16215,0
1121045008618,14.46,0.06,133.70363,20.10854,54241.17082,0
1121045008618,13.73,0.05,133.70361,20.10850,54410.44799,0
1121045008618,13.77,0.05,133.70362,20.10851,54410.45285,0
1121045008618,13.77,0.05,133.70361,20.10849,54410.45770,0
1121045008618,13.79,0.05,133.70360,20.10850,54410.46258,0
1121045008618,14.19,0.05,133.70362,20.10850,54421.37867,0
1121045008618,14.18,0.05,133.70362,20.10850,54421.39494,0
1121045008618,14.17,0.05,133.70362,20.10850,54421.40307,0
1121045008618,14.00,0.05,133.70359,20.10849,54393.45099,0
1121045008618,14.00,0.05,133.70360,20.10849,54393.45750,0
1121045008618,13.99,0.05,133.70360,20.10849,54393.46405,0
1121045008618,13.99,0.05,133.70361,20.10849,54393.47059,0
1121045008618,13.72,0.05,133.70359,20.10849,54358.50634,0
1121045008618,13.86,0.05,133.70356,20.10852,54358.50795,0
1121045008618,14.94,0.06,133.70364,20.10852,54564.14729,0
1121045008618,14.96,0.06,133.70362,20.10851,54564.15393,0
1121045008618,14.97,0.06,133.70363,20.10852,54564.16056,0
1121045008618,14.96,0.06,133.70363,20.10852,54564.16724,0
1121045008618,15.00,0.06,133.70364,20.10852,54573.18053,0
1121045008618,14.99,0.06,133.70362,20.10852,54573.19028,0
1121045008618,15.00,0.06,133.70360,20.10850,54573.20004,0
1121045008618,14.98,0.06,133.70365,20.10852,54573.20978,0
1121045008618,15.17,0.06,133.70361,20.10850,54581.17226,0
1121045008618,15.18,0.06,133.70362,20.10852,54581.17763,0
1121045008618,15.18,0.06,133.70359,20.10850,54581.18303,0
1121045008618,15.17,0.06,133.70363,20.10852,54581.18842,0
1121045008618,15.06,0.06,133.70362,20.10850,54820.34059,0
1121045008618,15.07,0.06,133.70364,20.10850,54820.34658,0
1121045008618,15.06,0.06,133.70365,20.10850,54820.35261,0
1121045008618,15.03,0.06,133.70362,20.10847,54820.35861,0
1121045008618,14.17,0.05,133.70361,20.10850,54502.19271,0
1121045008618,14.17,0.05,133.70363,20.10851,54502.20082,0
1121045008618,14.16,0.05,133.70362,20.10852,54502.20890,0
1121045008618,14.17,0.05,133.70362,20.10851,54502.21699,0
1121045008618,14.02,0.05,133.70361,20.10849,54495.22076,0
1121045008618,14.04,0.05,133.70361,20.10851,54495.22741,0
1121045008618,14.01,0.05,133.70361,20.10850,54495.23393,0
1121045008618,14.02,0.05,133.70361,20.10850,54495.24046,0
1121045008618,14.84,0.06,133.70368,20.10853,54528.13958,0
1121045008618,14.87,0.06,133.70363,20.10850,54528.14603,0
1121045008618,14.86,0.06,133.70362,20.10851,54528.15249,0
1121045008618,14.87,0.06,133.70364,20.10852,54528.15892,0
1121045008618,15.28,0.06,133.70364,20.10850,54536.12635,0
1121045008618,15.25,0.06,133.70362,20.10848,54536.13301,0
1121045008618,15.26,0.06,133.70361,20.10848,54536.13969,0
1121045008618,15.26,0.06,133.70363,20.10849,54536.14631,0
1121045008618,14.47,0.06,133.70361,20.10851,54592.15678,0
1121045008618,14.47,0.06,133.70362,20.10851,54592.16281,0
1121045008618,14.46,0.06,133.70363,20.10850,54592.16881,0
1121045008618,14.46,0.06,133.70361,20.10852,54592.17482,0
1121045008618,14.57,0.06,133.70364,20.10849,54600.15884,0
1121045008618,14.57,0.06,133.70365,20.10848,54600.16474,0
1121045008618,14.60,0.06,133.70364,20.10847,54600.17068,0
1121045008618,14.55,0.06,133.70366,20.10852,54600.17662,0
1121045008618,14.22,0.05,133.70361,20.10851,54777.43244,0
1121045008618,14.23,0.05,133.70362,20.10851,54777.44485,0
1121045008618,14.24,0.05,133.70361,20.10849,54777.45728,0
1121045008618,14.23,0.05,133.70362,20.10849,54777.46978,0
1121045008618,14.57,0.06,133.70362,20.10850,54791.44442,0
1121045008618,14.58,0.06,133.70363,20.10851,54791.45274,0
1121045008618,14.57,0.06,133.70361,20.10849,54791.46103,0
1121045008618,14.57,0.06,133.70362,20.10849,54791.46931,0
1121045008618,14.40,0.05,133.70360,20.10848,54763.47879,0
1121045008618,14.39,0.05,133.70362,20.10851,54763.48729,0
1121045008618,14.40,0.05,133.70362,20.10849,54763.49589,0
1121045008618,14.39,0.05,133.70360,20.10849,54763.50440,0
1121045008618,14.09,0.06,133.70363,20.10851,54923.11690,0
1121045008618,14.09,0.06,133.70363,20.10849,54923.12285,0
1121045008618,14.09,0.06,133.70363,20.10851,54923.12861,0
1121045008618,14.07,0.06,133.70364,20.10852,54923.13431,0
1121045008618,15.04,0.06,133.70363,20.10849,54939.15387,0
1121045008618,15.03,0.06,133.70361,20.10848,54939.15875,0
1121045008618,15.03,0.06,133.70364,20.10852,54939.16356,0
1121045008618,15.05,0.06,133.70360,20.10850,54939.16837,0
1121045008618,14.85,0.06,133.70363,20.10853,54848.34803,0
1121045008618,14.83,0.06,133.70364,20.10849,54848.35528,0
1121045008618,14.88,0.06,133.70363,20.10849,54848.36261,0
1121045008618,14.84,0.06,133.70364,20.10851,54848.36986,0
1121045008618,14.81,0.06,133.70361,20.10850,54859.17794,0
1121045008618,14.80,0.06,133.70360,20.10847,54859.18439,0
1121045008618,14.80,0.06,133.70361,20.10848,54859.19086,0
1121045008618,14.79,0.06,133.70361,20.10847,54859.19726,0
1121045008618,15.44,0.06,133.70364,20.10850,54983.17656,0
1121045008618,15.45,0.06,133.70364,20.10851,54983.18144,0
1121045008618,15.36,0.06,133.70366,20.10851,54983.18623,0
1121045008618,15.40,0.06,133.70360,20.10854,54983.19107,0
1121045008618,14.96,0.06,133.70363,20.10852,54906.16857,0
1121045008618,14.96,0.06,133.70363,20.10850,54906.17337,0
1121045008618,14.94,0.06,133.70363,20.10851,54906.17811,0
1121045008618,14.96,0.06,133.70365,20.10852,54906.18293,0
1121045008618,14.93,0.06,133.70361,20.10850,54914.20304,0
1121045008618,14.94,0.06,133.70362,20.10850,54914.21521,0
1121045008618,14.91,0.06,133.70363,20.10854,54914.22743,0
1121045008618,14.93,0.06,133.70368,20.10850,54914.23958,0
1121045008618,15.19,0.06,133.70361,20.10846,54976.15817,0
1121045008618,15.22,0.06,133.70363,20.10853,54976.16298,0
1121045008618,15.19,0.06,133.70362,20.10852,54976.16779,0
1121045008618,15.19,0.06,133.70358,20.10848,54976.17261,0
1121045008618,14.12,0.05,133.70361,20.10849,55161.41308,0
1121045008618,14.12,0.05,133.70361,20.10850,55161.41979,0
1121045008618,14.13,0.05,133.70361,20.10852,55161.42650,0
1121045008618,14.12,0.05,133.70362,20.10851,55161.43315,0
1121045008618,14.15,0.05,133.70361,20.10850,55162.37903,0
1121045008618,14.15,0.05,133.70360,20.10850,55162.38756,0
1121045008618,14.14,0.05,133.70360,20.10850,55162.39602,0
1121045008618,14.15,0.05,133.70360,20.10851,55162.40448,0
1121045008618,14.26,0.05,133.70361,20.10850,55128.48326,0
1121045008618,14.26,0.05,133.70361,20.10852,55128.48879,0
1121045008618,14.26,0.05,133.70361,20.10849,55128.49426,0
1121045008618,14.28,0.05,133.70361,20.10851,55128.49986,0
1121045008618,14.47,0.07,133.70361,20.10848,55094.50424,0
1121045008618,14.46,0.07,133.70363,20.10850,55094.50553,0
1121045008618,14.45,0.07,133.70360,20.10850,55094.50674,0
1121045008618,14.49,0.07,133.70364,20.10850,55094.50803,0
1121045008618,14.23,0.05,133.70360,20.10847,55531.37364,0
1121045008618,14.25,0.05,133.70360,20.10847,55531.38522,0
1121045008618,14.23,0.05,133.70360,20.10848,55531.39107,0
1121045008618,14.42,0.06,133.70360,20.10848,55545.33053,0
1121045008618,14.43,0.06,133.70360,20.10849,55545.34530,0
1121045008618,14.43,0.06,133.70360,20.10847,55545.35264,0
1121045008618,14.79,0.06,133.70361,20.10849,55559.29811,0
1121045008618,14.77,0.06,133.70360,20.10848,55559.31380,0
1121045008618,14.05,0.05,133.70363,20.10853,55241.30145,0
1121045008618,14.06,0.05,133.70361,20.10852,55241.30894,0
1121045008618,14.06,0.05,133.70361,20.10852,55241.31648,0
1121045008618,14.05,0.05,133.70362,20.10852,55241.32396,0
1121045008618,13.88,0.05,133.70363,20.10852,55202.39732,0
1121045008618,13.89,0.05,133.70362,20.10852,55202.40556,0
1121045008618,13.89,0.05,133.70361,20.10851,55202.41371,0
1121045008618,13.89,0.05,133.70362,20.10853,55202.42192,0
1121045008618,14.24,0.05,133.70363,20.10854,55260.21243,0
1121045008618,14.24,0.05,133.70363,20.10855,55260.21700,0
1121045008618,14.25,0.05,133.70362,20.10853,55260.22158,0
1121045008618,14.24,0.05,133.70363,20.10851,55260.22615,0
1121045008618,14.94,0.06,133.70360,20.10853,55329.17329,0
1121045008618,14.93,0.06,133.70365,20.10853,55329.18076,0
1121045008618,14.92,0.06,133.70361,20.10850,55329.18822,0
1121045008618,14.92,0.06,133.70363,20.10852,55329.19570,0
1121045008618,15.21,0.06,133.70361,20.10848,55501.46633,0
1121045008618,15.22,0.06,133.70361,20.10849,55501.48117,0
1121045008618,15.21,0.06,133.70359,20.10851,55501.48870,0
1121045008618,14.80,0.06,133.70361,20.10849,55511.47035,0
1121045008618,14.80,0.06,133.70359,20.10848,55511.48323,0
1121045008618,14.79,0.06,133.70361,20.10848,55511.48961,0
1121045008618,15.43,0.06,133.70357,20.10848,55486.46609,0
1121045008618,15.41,0.06,133.70360,20.10848,55486.47787,0
1121045008618,15.41,0.06,133.70360,20.10850,55486.48375,0
1121045008618,14.67,0.06,133.70361,20.10850,55655.22206,0
1121045008618,14.67,0.06,133.70361,20.10851,55655.22893,0
1121045008618,14.66,0.06,133.70362,20.10850,55655.23584,0
1121045008618,14.67,0.06,133.70363,20.10848,55655.24275,0
1121045008618,14.47,0.05,133.70373,20.10850,55597.30219,0
1121045008618,14.47,0.05,133.70372,20.10850,55597.31343,0
1121045008618,14.46,0.05,133.70369,20.10848,55597.32470,0
1121045008618,14.49,0.05,133.70370,20.10850,55597.33596,0
1121045008618,15.17,0.06,133.70359,20.10850,55615.17920,0
1121045008618,15.18,0.06,133.70359,20.10849,55615.18659,0
1121045008618,15.17,0.06,133.70358,20.10847,55615.19403,0
1121045008618,15.18,0.06,133.70359,20.10849,55615.20145,0
1121045008618,14.81,0.06,133.70357,20.10849,55566.32736,0
1121045008618,14.85,0.06,133.70363,20.10850,55566.33341,0
1121045008618,14.85,0.06,133.70360,20.10848,55566.33938,0
1121045008618,14.85,0.06,133.70361,20.10852,55566.34541,0
1121045008618,14.65,0.06,133.70361,20.10848,55572.40347,0
1121045008618,14.65,0.06,133.70361,20.10849,55572.40995,0
1121045008618,14.65,0.06,133.70360,20.10848,55572.41645,0
1121045008618,14.66,0.06,133.70361,20.10848,55572.42298,0
1121045008618,14.52,0.06,133.70363,20.10849,55585.46580,0
1121045008618,14.53,0.06,133.70363,20.10851,55585.47225,0
1121045008618,14.51,0.06,133.70361,20.10851,55585.47879,0
1121045008618,14.52,0.06,133.70358,20.10849,55585.48534,0
1121045008618,15.14,0.06,133.70359,20.10850,55622.15128,0
1121045008618,15.15,0.06,133.70360,20.10849,55622.15956,0
1121045008618,15.14,0.06,133.70361,20.10848,55622.16784,0
1121045008618,15.17,0.06,133.70360,20.10850,55622.17609,0
1121045008618,14.50,0.06,133.70367,20.10852,55682.22520,0
1121045008618,14.49,0.06,133.70364,20.10856,55682.23383,0
1121045008618,14.51,0.06,133.70364,20.10854,55682.24254,0
1121045008618,14.49,0.06,133.70364,20.10854,55682.25124,0
1121045008618,13.78,0.05,133.70362,20.10852,53670.49107,0
1121045008618,13.78,0.05,133.70361,20.10851,53670.49387,0
1121045008618,13.77,0.05,133.70362,20.10850,53670.49665,0
1121045008618,13.78,0.05,133.70362,20.10851,53670.49935,0
1121045008618,15.23,0.06,133.70358,20.10852,55857.47066,0
1121045008618,15.23,0.06,133.70361,20.10853,55857.47939,0
1121045008618,15.21,0.06,133.70362,20.10851,55857.48784,0
1121045008618,15.23,0.06,133.70364,20.10852,55857.49673,0
1121045008618,14.51,0.06,133.70360,20.10851,55887.37371,0
1121045008618,14.50,0.06,133.70362,20.10850,55887.38385,0
1121045008618,14.49,0.06,133.70363,20.10852,55887.39415,0
1121045008618,14.48,0.06,133.70362,20.10849,55887.40443,0
1121045008618,14.88,0.06,133.70364,20.10848,55919.34893,0
1121045008618,14.85,0.06,133.70363,20.10852,55919.35741,0
1121045008618,14.86,0.06,133.70357,20.10851,55919.36582,0
1121045008618,14.88,0.06,133.70363,20.10849,55919.37424,0
1121045008618,14.90,0.06,133.70361,20.10851,55940.35100,0
1121045008618,14.92,0.06,133.70363,20.10852,55940.35661,0
1121045008618,14.90,0.06,133.70363,20.10852,55940.36220,0
1121045008618,14.89,0.06,133.70362,20.10851,55940.36784,0
1121045008618,14.92,0.06,133.70364,20.10853,55968.34267,0
1121045008618,14.94,0.06,133.70364,20.10852,55968.35178,0
1121045008618,14.93,0.06,133.70364,20.10854,55968.36094,0
1121045008618,14.92,0.06,133.70365,20.10853,55968.36995,0
1121045008618,15.12,0.06,133.70361,20.10851,55979.21124,0
1121045008618,15.11,0.06,133.70363,20.10853,55979.22000,0
1121045008618,15.11,0.06,133.70362,20.10849,55979.22881,0
1121045008618,15.13,0.06,133.70364,20.10852,55979.23763,0
1121045008618,14.82,0.06,133.70362,20.10852,55986.16661,0
1121045008618,14.81,0.06,133.70364,20.10852,55986.17169,0
1121045008618,14.81,0.06,133.70362,20.10850,55986.17678,0
1121045008618,14.81,0.06,133.70359,20.10853,55986.18190,0
1121045008618,14.43,0.06,133.70360,20.10851,56000.18587,0
1121045008618,14.39,0.06,133.70362,20.10851,56000.19200,0
1121045008618,14.38,0.06,133.70363,20.10851,56000.19710,0
1121045008618,14.39,0.06,133.70363,20.10851,56000.20223,0
1121045008618,14.25,0.05,133.70365,20.10852,56013.13519,0
1121045008618,14.25,0.05,133.70364,20.10853,56013.14020,0
1121045008618,14.24,0.05,133.70363,20.10852,56013.14528,0
1121045008618,14.25,0.05,133.70363,20.10853,56013.15033,0
1121045008618,14.04,0.05,133.70364,20.10851,56028.14823,0
1121045008618,14.03,0.05,133.70363,20.10851,56028.15489,0
1121045008618,14.03,0.05,133.70363,20.10852,56028.16147,0
1121045008618,14.03,0.05,133.70364,20.10852,56028.16815,0
1121045008618,14.24,0.05,133.70365,20.10851,56041.17462,0
1121045008618,14.24,0.05,133.70362,20.10851,56041.17910,0
1121045008618,14.25,0.05,133.70366,20.10851,56041.18355,0
1121045008618,14.25,0.05,133.70362,20.10851,56041.18805,0
1121045008618,14.05,0.05,133.70363,20.10854,56060.14653,0
1121045008618,14.06,0.05,133.70363,20.10855,56060.15519,0
1121045008618,14.04,0.05,133.70363,20.10852,56060.16308,0
1121045008618,14.02,0.05,133.70364,20.10853,56060.17110,0
1121045008618,14.11,0.05,133.70364,20.10855,56067.16675,0
1121045008618,14.12,0.05,133.70364,20.10853,56067.17234,0
1121045008618,14.12,0.05,133.70362,20.10853,56067.17800,0
1121045008618,14.11,0.05,133.70364,20.10852,56067.18361,0
1121045008618,14.97,0.06,133.70365,20.10853,56204.48646,0
1121045008618,14.99,0.06,133.70363,20.10851,56204.49404,0
1121045008618,14.99,0.06,133.70362,20.10850,56204.50157,0
1121045008618,14.97,0.06,133.70362,20.10852,56204.50913,0
1121045008618,14.80,0.06,133.70362,20.10850,56214.44144,0
1121045008618,14.78,0.06,133.70359,20.10852,56214.44828,0
1121045008618,14.79,0.06,133.70362,20.10850,56214.45522,0
1121045008618,14.78,0.06,133.70363,20.10850,56214.46211,0
1121045008618,14.60,0.06,133.70369,20.10849,56225.41444,0
1121045008618,14.66,0.06,133.70364,20.10852,56225.41849,0
1121045008618,14.68,0.06,133.70358,20.10847,56225.42256,0
1121045008618,14.66,0.06,133.70359,20.10850,56225.42662,0
1121045008618,14.27,0.05,133.70367,20.10852,56233.42316,0
1121045008618,14.27,0.05,133.70365,20.10854,56233.43047,0
1121045008618,14.28,0.05,133.70366,20.10852,56233.43788,0
1121045008618,14.27,0.05,133.70366,20.10853,56233.44525,0
1121045008618,14.53,0.05,133.70363,20.10850,56244.47921,0
1121045008618,14.51,0.05,133.70362,20.10852,56244.48650,0
1121045008618,14.53,0.05,133.70361,20.10852,56244.49380,0
1121045008618,14.53,0.05,133.70361,20.10853,56244.50108,0
1121045008618,14.75,0.06,133.70363,20.10853,56251.45910,0
1121045008618,14.75,0.06,133.70362,20.10854,56251.46425,0
1121045008618,14.75,0.06,133.70363,20.10852,56251.46936,0
1121045008618,14.74,0.06,133.70366,20.10850,56251.47447,0
1121045008618,15.15,0.06,133.70363,20.10854,56270.33368,0
1121045008618,15.24,0.07,133.70368,20.10845,56270.34046,0
1121045008618,15.20,0.06,133.70360,20.10853,56270.34725,0
1121045008618,15.21,0.06,133.70365,20.10849,56270.35410,0
1121045008618,15.32,0.06,133.70362,20.10853,56274.37187,0
1121045008618,15.34,0.06,133.70363,20.10850,56274.37733,0
1121045008618,15.35,0.06,133.70362,20.10855,56274.38284,0
1121045008618,15.35,0.06,133.70363,20.10853,56274.38836,0
1121045008618,15.43,0.06,133.70365,20.10849,56281.34123,0
1121045008618,15.42,0.06,133.70363,20.10854,56281.35101,0
1121045008618,15.41,0.06,133.70360,20.10853,56281.36077,0
1121045008618,15.41,0.06,133.70363,20.10852,56281.37062,0
1121045008618,15.41,0.06,133.70363,20.10855,56295.42902,0
1121045008618,15.41,0.06,133.70363,20.10854,56295.43617,0
1121045008618,15.41,0.06,133.70368,20.10851,56295.44306,0
1121045008618,15.40,0.06,133.70361,20.10853,56295.44989,0
1121045008618,15.30,0.06,133.70363,20.10851,56308.35477,0
1121045008618,15.28,0.06,133.70365,20.10854,56308.36089,0
1121045008618,15.30,0.06,133.70363,20.10852,56308.36700,0
1121045008618,15.29,0.06,133.70362,20.10851,56308.37312,0
1121045008618,15.16,0.06,133.70363,20.10852,56323.36334,0
1121045008618,15.17,0.06,133.70365,20.10853,56323.36843,0
1121045008618,15.17,0.06,133.70365,20.10851,56323.37356,0
1121045008618,15.17,0.06,133.70364,20.10853,56323.37868,0
1121045008618,15.05,0.06,133.70362,20.10850,56334.26012,0
1121045008618,15.04,0.06,133.70363,20.10853,56334.26403,0
1121045008618,15.04,0.06,133.70363,20.10852,56334.26793,0
1121045008618,15.06,0.06,133.70364,20.10851,56334.27182,0
1121045008618,14.63,0.06,133.70364,20.10852,56337.21685,0
1121045008618,14.64,0.06,133.70363,20.10853,56337.22767,0
1121045008618,14.61,0.06,133.70363,20.10851,56337.23845,0
1121045008618,14.62,0.06,133.70363,20.10851,56337.24931,0
1121045008618,14.70,0.06,133.70364,20.10852,56341.34367,0
1121045008618,14.71,0.06,133.70362,20.10854,56341.34986,0
1121045008618,14.73,0.06,133.70363,20.10850,56341.35598,0
1121045008618,14.72,0.06,133.70364,20.10850,56341.36208,0
1121045008618,14.60,0.06,133.70363,20.10853,56352.19435,0
1121045008618,14.60,0.06,133.70364,20.10852,56352.19942,0
1121045008618,14.60,0.06,133.70363,20.10853,56352.20448,0
1121045008618,14.60,0.06,133.70364,20.10850,56352.21008,0
1121045008618,14.27,0.05,133.70362,20.10852,56367.13286,0
1121045008618,14.27,0.05,133.70362,20.10853,56367.13622,0
1121045008618,14.29,0.05,133.70362,20.10849,56367.13959,0
1121045008618,14.30,0.06,133.70363,20.10853,56367.14300,0
1121045008618,14.87,0.06,133.70365,20.10852,56383.12343,0
1121045008618,14.85,0.06,133.70365,20.10852,56383.13133,0
1121045008618,14.86,0.06,133.70361,20.10851,56383.13917,0
1121045008618,14.89,0.06,133.70365,20.10853,56383.15243,0
1121045008618,14.86,0.06,133.70362,20.10851,56389.14399,0
1121045008618,14.87,0.06,133.70365,20.10850,56389.15479,0
1121045008618,14.86,0.06,133.70361,20.10852,56389.16565,0
1121045008618,14.86,0.06,133.70362,20.10851,56389.17662,0
1121045008618,15.06,0.06,133.70364,20.10855,56405.13783,0
1121045008618,15.08,0.06,133.70362,20.10848,56405.14457,0
1121045008618,15.07,0.06,133.70364,20.10847,56405.15134,0
1121045008618,15.07,0.06,133.70367,20.10851,56405.15811,0
1121045008618,14.84,0.06,133.70364,20.10852,56411.20574,0
1121045008618,14.84,0.06,133.70364,20.10855,56411.21176,0
1121045008618,14.85,0.06,133.70362,20.10852,56411.21779,0
1121045008618,14.83,0.06,133.70368,20.10850,56411.22385,0
1121045008618,15.26,0.06,133.70362,20.10855,56560.49463,0
1121045008618,15.21,0.06,133.70361,20.10858,56560.49599,0
1121045008618,15.24,0.06,133.70364,20.10853,56560.49735,0
1121045008618,15.25,0.06,133.70362,20.10857,56560.49873,0
1121045008618,14.62,0.06,133.70361,20.10856,56590.45802,0
1121045008618,14.62,0.06,133.70363,20.10856,56590.46673,0
1121045008618,14.62,0.06,133.70362,20.10857,56590.47543,0
1121045008618,14.62,0.06,133.70361,20.10856,56590.48412,0
2120117017208,13.82,0.05,133.70363,20.10848,53730.38869,0
2120117017208,13.83,0.05,133.70363,20.10848,53730.39416,0
2120117017208,13.81,0.05,133.70363,20.10851,53730.39967,0
2120117017208,13.80,0.05,133.70363,20.10851,53730.40514,0
2120117017208,15.31,0.05,133.70363,20.10851,54089.45299,0
2120117017208,15.29,0.05,133.70362,20.10851,54089.45805,0
2120117017208,15.30,0.05,133.70362,20.10851,54089.46312,0
2120117017208,15.30,0.05,133.70362,20.10851,54089.46808,0
2120117017208,15.19,0.05,133.70366,20.10851,53773.28978,0
2120117017208,15.19,0.05,133.70367,20.10853,53773.29545,0
2120117017208,15.17,0.05,133.70367,20.10852,53773.30091,0
2120117017208,15.19,0.05,133.70367,20.10851,53773.30640,0
2120117017208,14.55,0.06,133.70366,20.10849,53757.39650,0
2120117017208,14.47,0.06,133.70366,20.10847,53757.40153,0
2120117017208,14.55,0.06,133.70365,20.10852,53757.40658,0
2120117017208,14.51,0.06,133.70367,20.10849,53757.41166,0
2120117017208,15.38,0.05,133.70363,20.10852,54060.40930,0
2120117017208,15.38,0.05,133.70363,20.10853,54060.41828,0
2120117017208,15.37,0.05,133.70363,20.10852,54060.42721,0
2120117017208,15.38,0.05,133.70363,20.10852,54060.43613,0
2120117017208,14.77,0.05,133.70362,20.10852,54031.46913,0
2120117017208,14.77,0.05,133.70363,20.10851,54031.47731,0
2120117017208,14.76,0.05,133.70363,20.10852,54031.48548,0
2120117017208,14.77,0.05,133.70361,20.10853,54031.49373,0
2120117017208,13.84,0.05,133.70365,20.10850,54448.38317,0
2120117017208,13.83,0.05,133.70366,20.10850,54448.38919,0
2120117017208,13.81,0.05,133.70365,20.10851,54448.39523,0
2120117017208,13.82,0.05,133.70365,20.10850,54448.40130,0
2120117017208,14.25,0.05,133.70363,20.10852,54465.33004,0
2120117017208,14.25,0.05,133.70366,20.10852,54465.33855,0
2120117017208,14.21,0.05,133.70366,20.10852,54465.34716,0
2120117017208,14.23,0.05,133.70366,20.10852,54465.35575,0
2120117017208,15.42,0.05,133.70362,20.10853,54170.26143,0
2120117017208,15.42,0.05,133.70362,20.10852,54170.26877,0
2120117017208,15.41,0.05,133.70363,20.10851,54170.27612,0
2120117017208,15.41,0.05,133.70362,20.10852,54170.28334,0
2120117017208,13.93,0.05,133.70362,20.10850,54416.41415,0
2120117017208,13.91,0.05,133.70361,20.10850,54416.42101,0
2120117017208,13.92,0.05,133.70363,20.10853,54416.42780,0
2120117017208,13.95,0.05,133.70363,20.10848,54416.43460,0
2120117017208,14.68,0.05,133.70365,20.10852,54803.40229,0
2120117017208,14.68,0.05,133.70365,20.10851,54803.40910,0
2120117017208,14.68,0.05,133.70364,20.10851,54803.41576,0
2120117017208,14.69,0.05,133.70364,20.10851,54803.42242,0
2120117017208,14.56,0.05,133.70365,20.10853,54829.33198,0
2120117017208,14.56,0.05,133.70365,20.10853,54829.34173,0
2120117017208,14.56,0.05,133.70365,20.10852,54829.34937,0
2120117017208,14.56,0.05,133.70365,20.10852,54829.35699,0
2120117017208,13.95,0.05,133.70363,20.10851,54497.26435,0
2120117017208,13.96,0.05,133.70363,20.10851,54497.27338,0
2120117017208,13.95,0.05,133.70362,20.10851,54497.27919,0
2120117017208,13.94,0.05,133.70363,20.10853,54497.28508,0
2120117017208,14.38,0.05,133.70364,20.10851,54509.20471,0
2120117017208,14.36,0.05,133.70364,20.10851,54509.20952,0
2120117017208,14.36,0.05,133.70362,20.10851,54509.21427,0
2120117017208,14.37,0.05,133.70363,20.10851,54509.21905,0
2120117017208,14.46,0.05,133.70363,20.10851,54554.18300,0
2120117017208,14.46,0.05,133.70363,20.10852,54554.18874,0
2120117017208,14.45,0.05,133.70363,20.10851,54554.19445,0
2120117017208,14.46,0.05,133.70363,20.10851,54554.20018,0
2120117017208,14.25,0.05,133.70364,20.10851,54616.15701,0
2120117017208,14.25,0.05,133.70365,20.10850,54616.16196,0
2120117017208,14.26,0.05,133.70363,20.10851,54616.16694,0
2120117017208,14.23,0.05,133.70367,20.10851,54616.17189,0
2120117017208,14.25,0.05,133.70365,20.10851,54777.50833,0
2120117017208,14.25,0.05,133.70365,20.10852,54777.51406,0
2120117017208,14.25,0.05,133.70366,20.10852,54777.51979,0
2120117017208,14.26,0.05,133.70365,20.10851,54777.52546,0
2120117017208,15.25,0.05,133.70363,20.10852,54951.13771,0
2120117017208,15.25,0.05,133.70363,20.10852,54951.14860,0
2120117017208,15.26,0.05,133.70363,20.10854,54951.15949,0
2120117017208,15.27,0.05,133.70363,20.10853,54951.17041,0
2120117017208,14.88,0.05,133.70362,20.10850,54914.19258,0
2120117017208,14.87,0.05,133.70362,20.10851,54914.20081,0
2120117017208,14.87,0.05,133.70362,20.10851,54914.20898,0
2120117017208,14.88,0.05,133.70363,20.10851,54914.21709,0
2120117017208,14.29,0.05,133.70362,20.10851,55152.49205,0
2120117017208,14.29,0.05,133.70362,20.10851,55152.50006,0
2120117017208,14.30,0.05,133.70363,20.10851,55152.50806,0
2120117017208,14.29,0.05,133.70363,20.10851,55152.51600,0
2120117017208,14.34,0.05,133.70362,20.10852,55539.39780,0
2120117017208,14.33,0.05,133.70362,20.10851,55539.40421,0
2120117017208,14.33,0.05,133.70362,20.10851,55539.41065,0
2120117017208,14.35,0.05,133.70363,20.10852,55539.41707,0
2120117017208,14.02,0.05,133.70364,20.10852,55244.30001,0
2120117017208,14.03,0.05,133.70364,20.10852,55244.30596,0
2120117017208,14.03,0.05,133.70363,20.10850,55244.31189,0
2120117017208,14.01,0.05,133.70364,20.10852,55244.31789,0
2120117017208,14.43,0.05,133.70365,20.10855,55272.18292,0
2120117017208,14.42,0.05,133.70365,20.10854,55272.18823,0
2120117017208,14.40,0.05,133.70365,20.10854,55272.19357,0
2120117017208,14.43,0.05,133.70364,20.10854,55272.19891,0
2120117017208,14.71,0.05,133.70362,20.10852,55601.29639,0
2120117017208,14.72,0.05,133.70363,20.10852,55601.30198,0
2120117017208,14.71,0.05,133.70362,20.10852,55601.30754,0
2120117017208,14.73,0.05,133.70363,20.10852,55601.31308,0
2120117017208,14.43,0.05,133.70362,20.10853,55590.27699,0
2120117017208,14.44,0.05,133.70363,20.10852,55590.28280,0
2120117017208,14.43,0.05,133.70362,20.10852,55590.28853,0
2120117017208,14.43,0.05,133.70363,20.10852,55590.29437,0
2120117017208,15.49,0.06,133.70363,20.10851,55469.51193,0
2120117017208,15.50,0.06,133.70360,20.10852,55469.51324,0
2120117017208,15.51,0.06,133.70361,20.10851,55469.51456,0
2120117017208,15.50,0.06,133.70363,20.10850,55469.51587,0
2120117017208,14.48,0.05,133.70365,20.10854,55895.52144,0
2120117017208,14.48,0.05,133.70366,20.10854,55895.52543,0
2120117017208,14.47,0.05,133.70366,20.10854,55895.52947,0
2120117017208,14.49,0.05,133.70366,20.10853,55895.53354,0
2120117017208,14.86,0.05,133.70366,20.10854,55953.45613,0
2120117017208,14.85,0.05,133.70366,20.10854,55953.46310,0
2120117017208,14.85,0.05,133.70366,20.10853,55953.47009,0
2120117017208,14.86,0.05,133.70367,20.10853,55953.47705,0
2120117017208,14.69,0.05,133.70366,20.10854,55969.18176,0
2120117017208,14.69,0.05,133.70365,20.10854,55969.18865,0
2120117017208,14.69,0.05,133.70366,20.10853,55969.19567,0
2120117017208,14.69,0.05,133.70366,20.10854,55969.20268,0
2120117017208,14.76,0.05,133.70366,20.10854,55986.23787,0
2120117017208,14.77,0.05,133.70367,20.10853,55986.24301,0
2120117017208,14.75,0.05,133.70366,20.10853,55986.24820,0
2120117017208,14.77,0.05,133.70366,20.10853,55986.25342,0
2120117017208,15.31,0.05,133.70367,20.10852,56328.24048,0
2120117017208,15.30,0.05,133.70366,20.10854,56328.24765,0
2120117017208,15.28,0.05,133.70365,20.10853,56328.25479,0
2120117017208,15.28,0.05,133.70365,20.10853,56328.26192,0
2120117017208,14.53,0.05,133.70366,20.10853,56340.15588,0
2120117017208,14.57,0.05,133.70367,20.10856,56340.16177,0
2120117017208,14.57,0.05,133.70366,20.10853,56340.16769,0
2120117017208,14.56,0.05,133.70366,20.10853,56340.17396,0
2120117017208,14.61,0.05,133.70366,20.10854,56356.16319,0
2120117017208,14.61,0.05,133.70366,20.10855,56356.16672,0
2120117017208,14.64,0.05,133.70367,20.10855,56356.17025,0
2120117017208,14.61,0.05,133.70366,20.10855,56356.17379,0
2120117017208,14.24,0.05,133.70367,20.10854,56367.20119,0
2120117017208,14.26,0.05,133.70367,20.10852,56367.20678,0
2120117017208,14.25,0.05,133.70366,20.10854,56367.21233,0
2120117017208,14.23,0.05,133.70366,20.10853,56367.21780,0
