MasterID	Mag	Magerr	RA	Dec	MJD	Blend
1.10707E+12	16.92	0.08	192.62113	6.60247	53466.26001	0
1.10707E+12	17.02	0.08	192.62111	6.60263	53466.26753	0
1.10707E+12	17.16	0.08	192.62109	6.60292	53466.27507	0
1.10707E+12	16.99	0.08	192.62111	6.60292	53466.28258	0
1.10707E+12	17.14	0.09	192.62116	6.60298	53705.50517	0
1.10707E+12	17.15	0.09	192.62113	6.60286	53705.51189	0
1.10707E+12	17.18	0.09	192.62107	6.60293	53705.51852	0
1.10707E+12	17.09	0.09	192.62115	6.60297	53705.52516	0
1.10707E+12	16.98	0.08	192.62114	6.6027	53714.49896	0
1.10707E+12	17.15	0.09	192.62114	6.60297	53714.50843	0
1.10707E+12	17.2	0.09	192.62111	6.60296	53714.51789	0
1.10707E+12	16.96	0.08	192.62115	6.60255	53714.52732	0
1.10707E+12	17.11	0.09	192.62113	6.60286	53731.48651	0
1.10707E+12	17.12	0.09	192.62117	6.60282	53731.49459	0
1.10707E+12	16.96	0.08	192.6212	6.60299	53731.50266	0
1.10707E+12	17.05	0.08	192.62118	6.60277	53731.51074	0
1.10707E+12	16.9	0.08	192.62107	6.60303	53553.1592	0
1.10707E+12	17.21	0.09	192.62098	6.60298	53553.16564	0
1.10707E+12	17.33	0.09	192.62117	6.60287	53553.17211	0
1.10707E+12	17.23	0.09	192.62116	6.60285	53553.17854	0
1.10707E+12	17.06	0.08	192.62126	6.60266	53528.22609	0
1.10707E+12	17.2	0.09	192.62115	6.60292	53528.23353	0
1.10707E+12	17.1	0.09	192.62117	6.60267	53528.24099	0
1.10707E+12	17.24	0.09	192.62124	6.6029	53528.24856	0
1.10707E+12	17	0.08	192.62119	6.60259	53499.18595	0
1.10707E+12	17.19	0.09	192.62112	6.60294	53499.19129	0
1.10707E+12	17.02	0.08	192.62115	6.60254	53499.19667	0
1.10707E+12	17.1	0.08	192.62116	6.60265	53499.202	0
1.10707E+12	17.07	0.09	192.62117	6.6029	53520.25334	0
1.10707E+12	17	0.08	192.62115	6.60242	53520.25976	0
1.10707E+12	17.1	0.09	192.6212	6.60308	53520.2662	0
1.10707E+12	17.15	0.09	192.6212	6.60274	53520.27264	0
1.10707E+12	16.87	0.09	192.62104	6.60273	53832.28245	0
1.10707E+12	17.09	0.09	192.6212	6.60285	53832.29058	0
1.10707E+12	16.9	0.09	192.62124	6.60284	53832.29867	0
1.10707E+12	17.13	0.09	192.62121	6.60294	53832.30672	0
1.10707E+12	16.9	0.08	192.62105	6.60272	53843.26961	0
1.10707E+12	17.07	0.09	192.62115	6.60268	53843.27771	0
1.10707E+12	16.93	0.08	192.62117	6.60276	53843.2858	0
1.10707E+12	17.08	0.09	192.62116	6.60297	53843.29388	0
1.10707E+12	16.97	0.08	192.62111	6.60297	54085.46228	0
1.10707E+12	16.97	0.08	192.62105	6.60302	54085.47524	0
1.10707E+12	16.86	0.08	192.62106	6.60282	54085.48736	0
1.10707E+12	16.95	0.08	192.62121	6.60287	54085.49881	0
1.10707E+12	16.91	0.08	192.6212	6.60256	53772.44916	0
1.10707E+12	16.94	0.08	192.62112	6.60253	53772.45671	0
1.10707E+12	17.09	0.08	192.62112	6.60258	53772.46435	0
1.10707E+12	17.05	0.09	192.62117	6.60263	53772.47203	0
1.10707E+12	17.17	0.09	192.62112	6.60289	53788.42344	0
1.10707E+12	17.05	0.08	192.62116	6.60273	53788.43223	0
1.10707E+12	17.06	0.08	192.621	6.60288	53788.43969	0
1.10707E+12	17.03	0.08	192.62111	6.6027	53788.44718	0
1.10707E+12	17.12	0.09	192.62112	6.60292	53758.45896	0
1.10707E+12	17.08	0.08	192.62112	6.60291	53758.46614	0
1.10707E+12	17.1	0.09	192.62118	6.60296	53758.47323	0
1.10707E+12	16.86	0.08	192.62114	6.60272	53758.48029	0
1.10707E+12	17.1	0.09	192.62108	6.60291	53765.44716	0
1.10707E+12	17.09	0.09	192.62117	6.6029	53765.45369	0
1.10707E+12	17.16	0.09	192.62112	6.6029	53765.46032	0
1.10707E+12	17.14	0.09	192.62113	6.60291	53765.46684	0
1.10707E+12	16.96	0.18	192.6212	6.603	53904.25884	0
1.10707E+12	16.9	0.18	192.62116	6.60291	53904.25987	0
1.10707E+12	16.91	0.18	192.62107	6.60301	53904.26093	0
1.10707E+12	17.17	0.2	192.62113	6.60293	53904.26197	0
1.10707E+12	16.9	0.09	192.62116	6.6027	53816.43854	0
1.10707E+12	16.82	0.09	192.62109	6.60257	53816.44356	0
1.10707E+12	16.86	0.09	192.62123	6.60268	53816.44868	0
1.10707E+12	16.92	0.09	192.62115	6.60299	53816.45372	0
1.10707E+12	16.94	0.09	192.62108	6.60269	53857.25519	0
1.10707E+12	16.91	0.09	192.62114	6.60297	53857.26005	0
1.10707E+12	16.95	0.09	192.62113	6.60249	53857.26492	0
1.10707E+12	17.07	0.09	192.62111	6.60294	53857.26981	0
1.10707E+12	16.92	0.08	192.62108	6.60264	53876.21584	0
1.10707E+12	16.88	0.08	192.62114	6.6027	53876.22344	0
1.10707E+12	16.86	0.08	192.62117	6.60261	53876.231	0
1.10707E+12	16.88	0.08	192.62119	6.60291	53876.23855	0
1.10707E+12	16.98	0.08	192.62114	6.60287	54201.28536	0
1.10707E+12	16.91	0.08	192.62111	6.60271	54201.29481	0
1.10707E+12	16.87	0.08	192.62114	6.60297	54201.30427	0
1.10707E+12	16.97	0.08	192.62114	6.60277	54201.31373	0
1.10707E+12	16.93	0.08	192.62115	6.60294	54212.22285	0
1.10707E+12	16.97	0.08	192.62113	6.60288	54212.23216	0
1.10707E+12	16.91	0.08	192.62107	6.60295	54212.24146	0
1.10707E+12	16.97	0.08	192.62118	6.60289	54212.25074	0
1.10707E+12	16.87	0.08	192.62108	6.60302	54438.50193	0
1.10707E+12	16.78	0.08	192.62106	6.60265	54438.50797	0
1.10707E+12	16.81	0.08	192.62116	6.60289	54438.51408	0
1.10707E+12	16.89	0.08	192.6211	6.60297	54438.52011	0
1.10707E+12	16.79	0.08	192.62106	6.60255	54159.42668	0
1.10707E+12	16.87	0.08	192.62108	6.60288	54159.43467	0
1.10707E+12	16.96	0.08	192.62115	6.60292	54159.44257	0
1.10707E+12	16.98	0.08	192.62113	6.60292	54159.45043	0
1.10707E+12	17.03	0.09	192.62114	6.60289	54127.37326	0
1.10707E+12	16.96	0.08	192.62116	6.6029	54127.38236	0
1.10707E+12	16.98	0.08	192.62103	6.60299	54127.39147	0
1.10707E+12	16.93	0.08	192.62112	6.60283	54127.40058	0
1.10707E+12	16.95	0.08	192.62118	6.60297	54265.20174	0
1.10707E+12	16.88	0.08	192.62101	6.60291	54265.2099	0
1.10707E+12	16.91	0.08	192.62116	6.60281	54265.21807	0
1.10707E+12	16.86	0.08	192.62113	6.60274	54265.22621	0
1.10707E+12	17.05	0.08	192.62112	6.60295	54171.33799	0
1.10707E+12	16.95	0.08	192.62107	6.6029	54171.3464	0
1.10707E+12	16.92	0.08	192.6211	6.60296	54171.35479	0
1.10707E+12	16.95	0.08	192.62109	6.60268	54171.36321	0
1.10707E+12	16.94	0.08	192.62116	6.60268	54179.38155	0
1.10707E+12	17	0.08	192.62117	6.60292	54179.38991	0
1.10707E+12	16.9	0.08	192.62113	6.60294	54179.39826	0
1.10707E+12	17.03	0.08	192.62115	6.60293	54179.40658	0
1.10707E+12	16.83	0.08	192.62108	6.60272	54233.26346	0
1.10707E+12	16.89	0.08	192.62119	6.60291	54233.27049	0
1.10707E+12	16.8	0.08	192.62115	6.60264	54233.27751	0
1.10707E+12	16.89	0.08	192.62111	6.60289	54233.28454	0
1.10707E+12	16.91	0.08	192.62122	6.6029	54242.24986	0
1.10707E+12	16.76	0.08	192.62118	6.60278	54242.25497	0
1.10707E+12	16.94	0.08	192.62118	6.6029	54242.2601	0
1.10707E+12	16.89	0.08	192.62108	6.60286	54242.26519	0
1.10707E+12	17.02	0.08	192.62106	6.60297	54423.5129	0
1.10707E+12	16.97	0.08	192.62116	6.603	54423.51564	0
1.10707E+12	17	0.08	192.6211	6.60295	54423.51845	0
1.10707E+12	16.96	0.08	192.62116	6.60289	54423.52134	0
1.10707E+12	17	0.08	192.62118	6.60296	54562.38799	0
1.10707E+12	17.08	0.08	192.62116	6.6029	54562.3941	0
1.10707E+12	17.03	0.08	192.62112	6.60292	54562.40022	0
1.10707E+12	16.99	0.08	192.62113	6.60292	54562.40633	0
1.10707E+12	17.02	0.08	192.6211	6.60299	54568.27934	0
1.10707E+12	16.99	0.08	192.62115	6.60293	54568.29012	0
1.10707E+12	16.95	0.08	192.62111	6.60298	54568.30084	0
1.10707E+12	16.98	0.08	192.62117	6.60293	54568.31158	0
1.10707E+12	16.79	0.08	192.62112	6.60256	54502.43865	0
1.10707E+12	16.92	0.08	192.62114	6.60292	54502.44726	0
1.10707E+12	16.86	0.08	192.62116	6.60293	54502.45588	0
1.10707E+12	16.86	0.08	192.62112	6.60291	54502.46453	0
1.10707E+12	16.9	0.08	192.62116	6.60294	54509.42845	0
1.10707E+12	16.89	0.08	192.62117	6.60291	54509.43493	0
1.10707E+12	16.83	0.08	192.62111	6.60289	54509.44141	0
1.10707E+12	16.86	0.08	192.62118	6.60287	54509.44794	0
1.10707E+12	16.88	0.08	192.62115	6.60292	54523.42846	0
1.10707E+12	16.94	0.08	192.62118	6.60287	54523.43838	0
1.10707E+12	16.75	0.08	192.6211	6.60264	54523.44827	0
1.10707E+12	16.92	0.08	192.62112	6.60296	54523.45822	0
1.10707E+12	16.83	0.08	192.62116	6.60294	54476.46639	0
1.10707E+12	16.82	0.08	192.62114	6.60296	54476.47304	0
1.10707E+12	16.78	0.08	192.62113	6.60258	54476.47964	0
1.10707E+12	16.83	0.08	192.62114	6.6029	54476.48629	0
1.10707E+12	16.83	0.08	192.62115	6.60292	54496.39325	0
1.10707E+12	16.8	0.08	192.62118	6.60269	54496.39762	0
1.10707E+12	16.86	0.08	192.62109	6.60291	54496.40196	0
1.10707E+12	16.81	0.08	192.62114	6.60291	54496.40633	0
1.10707E+12	16.84	0.08	192.62111	6.60295	54625.2102	0
1.10707E+12	16.86	0.08	192.62117	6.60298	54625.21736	0
1.10707E+12	16.86	0.08	192.62116	6.603	54625.22458	0
1.10707E+12	16.79	0.08	192.62107	6.60277	54625.2318	0
1.10707E+12	16.95	0.07	192.6212	6.60293	54532.27387	0
1.10707E+12	16.89	0.07	192.62109	6.60294	54532.28635	0
1.10707E+12	16.93	0.07	192.62118	6.60291	54532.29881	0
1.10707E+12	16.96	0.07	192.6212	6.60295	54532.31132	0
1.10707E+12	16.89	0.13	192.62115	6.60269	54535.26419	0
1.10707E+12	16.74	0.12	192.62098	6.60277	54535.26446	0
1.10707E+12	16.83	0.12	192.6211	6.60281	54535.26474	0
1.10707E+12	17.06	0.13	192.62111	6.60298	54535.26501	0
1.10707E+12	16.98	0.08	192.62114	6.60295	54554.30913	0
1.10707E+12	17	0.08	192.62107	6.60294	54554.3167	0
1.10707E+12	17.07	0.08	192.62115	6.60298	54554.32429	0
1.10707E+12	17.06	0.08	192.62116	6.6029	54554.3319	0
1.10707E+12	16.99	0.08	192.62112	6.60291	54587.20314	0
1.10707E+12	16.99	0.08	192.62107	6.60291	54587.20946	0
1.10707E+12	16.98	0.08	192.6211	6.603	54587.21579	0
1.10707E+12	16.9	0.08	192.62113	6.60249	54587.22209	0
1.10707E+12	16.99	0.09	192.62118	6.60302	54794.52478	0
1.10707E+12	16.96	0.09	192.62107	6.60289	54794.53138	0
1.10707E+12	16.84	0.09	192.6212	6.60289	54794.53745	0
1.10707E+12	16.88	0.09	192.62115	6.6028	54794.54349	0
1.10707E+12	17.08	0.08	192.62111	6.60294	55180.52318	0
1.10707E+12	17.08	0.08	192.62114	6.60295	55180.52967	0
1.10707E+12	17.1	0.08	192.62105	6.60293	55180.53599	0
1.10707E+12	17.09	0.08	192.62115	6.60291	55180.54239	0
1.10707E+12	16.98	0.08	192.62111	6.60287	54882.44325	0
1.10707E+12	16.94	0.08	192.62109	6.60288	54882.4502	0
1.10707E+12	16.93	0.08	192.62113	6.6029	54882.45733	0
1.10707E+12	16.91	0.08	192.62114	6.60299	54882.46444	0
1.10707E+12	16.98	0.09	192.62114	6.60294	54850.52494	0
1.10707E+12	16.97	0.09	192.62113	6.60295	54850.52914	0
1.10707E+12	17.01	0.09	192.62114	6.60298	54850.53331	0
1.10707E+12	16.98	0.09	192.6211	6.60301	54850.53765	0
1.10707E+12	16.99	0.08	192.62115	6.60296	54908.3358	0
1.10707E+12	17.02	0.08	192.62114	6.60294	54908.34067	0
1.10707E+12	16.98	0.08	192.62113	6.60291	54908.34548	0
1.10707E+12	16.95	0.08	192.62117	6.60291	54908.35036	0
1.10707E+12	16.99	0.08	192.62111	6.60288	54917.34016	0
1.10707E+12	17.06	0.08	192.62116	6.60294	54917.34589	0
1.10707E+12	16.96	0.08	192.6211	6.6027	54917.35169	0
1.10707E+12	16.94	0.08	192.62107	6.60288	54917.35756	0
1.10707E+12	16.97	0.08	192.62109	6.60298	54967.23984	0
1.10707E+12	17.06	0.08	192.62117	6.60292	54967.24586	0
1.10707E+12	17.02	0.08	192.62113	6.60291	54967.25186	0
1.10707E+12	17.03	0.08	192.62115	6.60294	54967.2579	0
1.10707E+12	17.04	0.08	192.6211	6.60274	55156.51595	0
1.10707E+12	17.24	0.09	192.62112	6.60287	55156.52192	0
1.10707E+12	16.97	0.08	192.62103	6.60255	55156.52805	0
1.10707E+12	17.11	0.08	192.62117	6.6028	55156.53406	0
1.10707E+12	17.15	0.09	192.62122	6.60295	55290.23643	0
1.10707E+12	17.06	0.08	192.62123	6.60284	55290.24277	0
1.10707E+12	17.09	0.08	192.62122	6.60291	55290.24912	0
1.10707E+12	17.1	0.08	192.62125	6.60296	55290.2555	0
1.10707E+12	17.12	0.09	192.62116	6.60291	55299.40811	0
1.10707E+12	16.98	0.08	192.62112	6.60292	55299.41469	0
1.10707E+12	17.06	0.08	192.62109	6.60293	55299.42137	0
1.10707E+12	17.19	0.09	192.62108	6.60286	55299.42804	0
1.10707E+12	17.14	0.08	192.62114	6.60296	55535.50566	0
1.10707E+12	17.08	0.08	192.62117	6.60292	55535.51922	0
1.10707E+12	17.07	0.08	192.62112	6.60299	55535.52601	0
1.10707E+12	17.12	0.09	192.62115	6.60292	55241.37168	0
1.10707E+12	17.1	0.09	192.62107	6.60288	55241.38013	0
1.10707E+12	17.12	0.09	192.62114	6.6029	55241.38854	0
1.10707E+12	17.15	0.09	192.62116	6.60292	55241.39696	0
1.10707E+12	17.18	0.09	192.62109	6.60288	55352.2322	0
1.10707E+12	17.14	0.09	192.62122	6.60278	55352.23966	0
1.10707E+12	17.08	0.08	192.62116	6.60288	55352.24706	0
1.10707E+12	17.09	0.08	192.62111	6.6029	55352.25438	0
1.10707E+12	17.07	0.08	192.62116	6.60287	55267.44441	0
1.10707E+12	17.06	0.08	192.6212	6.60281	55267.45021	0
1.10707E+12	17.14	0.09	192.62113	6.60295	55267.45606	0
1.10707E+12	17.14	0.09	192.6212	6.6029	55267.46191	0
1.10707E+12	17.19	0.09	192.62122	6.60298	55275.3601	0
1.10707E+12	17.27	0.09	192.62119	6.60293	55275.36754	0
1.10707E+12	17.12	0.08	192.62116	6.60258	55275.37497	0
1.10707E+12	17.18	0.09	192.62106	6.60282	55275.38236	0
1.10707E+12	17.16	0.09	192.62112	6.60283	55325.25256	0
1.10707E+12	17	0.08	192.6211	6.60281	55325.26007	0
1.10707E+12	16.95	0.08	192.62119	6.60282	55325.26752	0
1.10707E+12	17.1	0.08	192.62115	6.6029	55325.27506	0
1.10707E+12	17.03	0.08	192.62119	6.60287	55336.22384	0
1.10707E+12	16.98	0.08	192.62123	6.60252	55336.23175	0
1.10707E+12	17.2	0.09	192.62109	6.6028	55336.23985	0
1.10707E+12	16.98	0.08	192.62115	6.60268	55336.24791	0
1.10707E+12	16.93	0.08	192.62113	6.6027	55655.33891	0
1.10707E+12	16.93	0.08	192.62103	6.60291	55655.34587	0
1.10707E+12	16.99	0.08	192.62108	6.60295	55655.35287	0
1.10707E+12	16.93	0.08	192.62106	6.6027	55655.35984	0
1.10707E+12	16.8	0.08	192.62109	6.60261	55663.18541	0
1.10707E+12	16.93	0.08	192.62118	6.60291	55663.19064	0
1.10707E+12	16.96	0.08	192.62111	6.60289	55663.19584	0
1.10707E+12	16.9	0.08	192.62104	6.60294	55663.20105	0
1.10707E+12	16.89	0.09	192.62111	6.60247	55674.18486	0
1.10707E+12	16.97	0.09	192.62115	6.60282	55674.19305	0
1.10707E+12	16.88	0.09	192.6211	6.60287	55674.2013	0
1.10707E+12	17.18	0.13	192.62108	6.60303	55674.20958	0
1.10707E+12	17.01	0.08	192.62113	6.60291	55603.4115	0
1.10707E+12	16.97	0.08	192.62115	6.60296	55603.42057	0
1.10707E+12	17.01	0.08	192.62113	6.60297	55603.42958	0
1.10707E+12	16.93	0.08	192.62116	6.60296	55603.43864	0
1.10707E+12	16.94	0.08	192.62116	6.60293	55565.49457	0
1.10707E+12	17	0.08	192.62107	6.60287	55565.50213	0
1.10707E+12	16.88	0.08	192.62112	6.60258	55565.50974	0
1.10707E+12	17	0.08	192.62107	6.6029	55565.51735	0
1.10707E+12	16.92	0.09	192.62111	6.60297	55577.45255	0
1.10707E+12	16.98	0.09	192.62104	6.60268	55577.45988	0
1.10707E+12	16.89	0.09	192.62111	6.60265	55577.46733	0
1.10707E+12	17.06	0.09	192.62121	6.60292	55577.47479	0
1.10707E+12	17.1	0.09	192.62112	6.60294	55719.22928	0
1.10707E+12	16.97	0.08	192.62124	6.60292	55719.23889	0
1.10707E+12	16.92	0.08	192.62117	6.60275	55719.24854	0
1.10707E+12	16.97	0.08	192.62117	6.60269	55719.25812	0
1.10707E+12	16.94	0.08	192.6211	6.60271	55624.42922	0
1.10707E+12	17.03	0.08	192.6211	6.60298	55624.43745	0
1.10707E+12	17.05	0.08	192.62113	6.60298	55624.44576	0
1.10707E+12	16.9	0.08	192.62118	6.603	55624.45409	0
1.10707E+12	17.02	0.08	192.62112	6.60298	55631.37243	0
1.10707E+12	16.99	0.08	192.62113	6.60296	55631.38075	0
1.10707E+12	16.98	0.08	192.62116	6.60293	55631.38911	0
1.10707E+12	16.96	0.08	192.62118	6.60296	55631.39749	0
1.10707E+12	16.81	0.08	192.62113	6.60264	55644.27427	0
1.10707E+12	16.93	0.08	192.62115	6.60299	55644.28087	0
1.10707E+12	16.96	0.08	192.62106	6.60295	55644.28749	0
1.10707E+12	16.97	0.08	192.6211	6.60294	55644.29413	0
1.10707E+12	16.93	0.07	192.62112	6.60291	55648.26921	0
1.10707E+12	16.99	0.07	192.62106	6.60289	55648.27845	0
1.10707E+12	16.96	0.07	192.62116	6.60294	55648.28764	0
1.10707E+12	16.96	0.07	192.62109	6.60289	55648.29685	0
1.10707E+12	16.98	0.08	192.62112	6.60279	55705.18342	0
1.10707E+12	17	0.08	192.6212	6.60291	55705.19501	0
1.10707E+12	17.04	0.08	192.62117	6.60294	55705.2067	0
1.10707E+12	16.9	0.08	192.62123	6.6029	55705.21836	0
1.10707E+12	16.92	0.08	192.62113	6.60303	55892.51167	0
1.10707E+12	16.88	0.08	192.62102	6.60266	55892.51625	0
1.10707E+12	16.88	0.08	192.62107	6.60263	55892.52094	0
1.10707E+12	16.82	0.08	192.6212	6.60247	55892.52561	0
1.10707E+12	16.88	0.08	192.62135	6.60249	55920.45236	0
1.10707E+12	17.01	0.08	192.62131	6.60293	55920.46153	0
1.10707E+12	16.88	0.08	192.62118	6.60292	55920.4708	0
1.10707E+12	17.01	0.08	192.62128	6.6029	55920.48002	0
1.10707E+12	16.99	0.08	192.6212	6.60291	55930.43651	0
1.10707E+12	16.92	0.08	192.62126	6.60266	55930.44448	0
1.10707E+12	17.01	0.08	192.62118	6.60291	55930.45252	0
1.10707E+12	16.89	0.08	192.62119	6.60288	55930.46062	0
1.10707E+12	16.9	0.08	192.62119	6.60258	55975.47311	0
1.10707E+12	16.97	0.08	192.62123	6.60295	55975.48042	0
1.10707E+12	16.98	0.08	192.62128	6.603	55975.48774	0
1.10707E+12	16.97	0.08	192.62117	6.6029	55975.49505	0
1.10707E+12	17.01	0.08	192.62121	6.60292	55982.4375	0
1.10707E+12	17.03	0.08	192.62125	6.6029	55982.44315	0
1.10707E+12	17.05	0.08	192.62127	6.60291	55982.44886	0
1.10707E+12	16.8	0.08	192.62115	6.60257	55982.45453	0
1.10707E+12	17.03	0.08	192.62123	6.60302	55988.33792	0
1.10707E+12	17.02	0.08	192.62128	6.60292	55988.34357	0
1.10707E+12	16.92	0.08	192.62122	6.60298	55988.34929	0
1.10707E+12	16.94	0.08	192.62124	6.60285	55988.35499	0
1.10707E+12	17.06	0.08	192.62119	6.60293	55999.38421	0
1.10707E+12	16.93	0.08	192.62123	6.60284	55999.39004	0
1.10707E+12	16.95	0.08	192.62121	6.60288	55999.39585	0
1.10707E+12	16.86	0.08	192.62111	6.60302	55999.40171	0
1.10707E+12	16.99	0.08	192.62122	6.60289	56007.28473	0
1.10707E+12	16.98	0.08	192.62128	6.60289	56007.29503	0
1.10707E+12	17.01	0.08	192.62116	6.60295	56007.30538	0
1.10707E+12	17.01	0.08	192.62118	6.60286	56007.31568	0
1.10707E+12	17.06	0.08	192.62123	6.60293	56029.24478	0
1.10707E+12	16.96	0.08	192.62123	6.60297	56029.24979	0
1.10707E+12	16.98	0.08	192.6212	6.60296	56029.25487	0
1.10707E+12	16.98	0.08	192.6212	6.6026	56029.25991	0
1.10707E+12	17.09	0.09	192.62125	6.60291	56035.33122	0
1.10707E+12	17.02	0.08	192.62122	6.60295	56035.33687	0
1.10707E+12	17.03	0.08	192.6212	6.60293	56035.3425	0
1.10707E+12	16.91	0.08	192.62117	6.60291	56035.34812	0
1.10707E+12	17.03	0.09	192.62141	6.60293	56264.49132	0
1.10707E+12	16.92	0.08	192.62119	6.60287	56264.49982	0
1.10707E+12	17.12	0.09	192.62132	6.60285	56264.5083	0
1.10707E+12	17.12	0.09	192.62118	6.60284	56264.514	0
1.10707E+12	17.1	0.09	192.62121	6.60291	56302.4861	0
1.10707E+12	17.03	0.08	192.62122	6.60293	56302.49117	0
1.10707E+12	16.75	0.09	192.62134	6.60257	56302.49632	0
1.10707E+12	17.07	0.09	192.62117	6.60293	56302.50147	0
1.10707E+12	17.02	0.08	192.62115	6.60298	56311.49164	0
1.10707E+12	17	0.08	192.62124	6.60297	56311.4974	0
1.10707E+12	16.98	0.08	192.62122	6.60292	56311.50307	0
1.10707E+12	17.03	0.08	192.62123	6.60294	56311.50874	0
1.10707E+12	17.02	0.09	192.62123	6.60296	56328.42945	0
1.10707E+12	16.91	0.08	192.62131	6.60296	56328.43762	0
1.10707E+12	16.96	0.08	192.62124	6.60298	56328.44501	0
1.10707E+12	16.97	0.08	192.62116	6.60288	56328.4524	0
1.10707E+12	16.97	0.08	192.62121	6.60289	56339.39886	0
1.10707E+12	17.02	0.08	192.62122	6.60292	56339.40538	0
1.10707E+12	17.02	0.08	192.62116	6.60298	56339.41188	0
1.10707E+12	17	0.08	192.62125	6.60294	56339.41844	0
1.10707E+12	16.96	0.08	192.62115	6.60289	56356.35168	0
1.10707E+12	16.98	0.08	192.62126	6.603	56356.35866	0
1.10707E+12	17.06	0.09	192.62123	6.60291	56356.36565	0
1.10707E+12	17.03	0.09	192.6212	6.60291	56356.37264	0
1.10707E+12	16.96	0.08	192.62119	6.60294	56365.33435	0
1.10707E+12	16.97	0.08	192.62118	6.60294	56365.34258	0
1.10707E+12	16.89	0.07	192.62127	6.60288	56365.35077	0
1.10707E+12	16.93	0.08	192.62119	6.60292	56365.35886	0
1.10707E+12	16.97	0.08	192.62117	6.60295	56383.27074	0
1.10707E+12	17.12	0.09	192.62124	6.60296	56383.27751	0
1.10707E+12	17.05	0.08	192.62117	6.60292	56383.28434	0
1.10707E+12	17.07	0.08	192.62119	6.60289	56383.29112	0
1.10707E+12	17.05	0.08	192.62118	6.60287	56393.26607	0
1.10707E+12	17.05	0.08	192.62124	6.60294	56393.27109	0
1.10707E+12	16.97	0.08	192.62122	6.60257	56393.27615	0
1.10707E+12	17.09	0.08	192.62119	6.60293	56393.28124	0
1.10707E+12	17.04	0.08	192.62107	6.603	56402.31274	0
1.10707E+12	16.87	0.08	192.62111	6.60257	56402.32055	0
1.10707E+12	16.91	0.08	192.62109	6.6029	56402.32839	0
1.10707E+12	17.13	0.09	192.62128	6.6029	56402.33624	0
1.10707E+12	17.07	0.09	192.62119	6.60296	56423.21378	0
1.10707E+12	17.07	0.09	192.62123	6.60295	56423.22106	0
1.10707E+12	17.14	0.11	192.62125	6.60322	56423.25003	0
1.10707E+12	17.09	0.09	192.62122	6.60296	56423.25739	0
1.10707E+12	17.11	0.09	192.62128	6.60294	56446.20304	0
1.10707E+12	17.01	0.08	192.62119	6.6029	56446.21204	0
1.10707E+12	16.9	0.08	192.62118	6.60262	56446.22105	0
1.10707E+12	17.01	0.08	192.62117	6.60296	56446.23012	0
2.10718E+12	17.08	0.06	192.62132	6.60293	54178.3584	0
2.10718E+12	17.08	0.06	192.62132	6.60294	54178.36388	0
2.10718E+12	17.06	0.06	192.6213	6.60293	54178.36943	0
2.10718E+12	17.07	0.06	192.62132	6.60293	54178.37499	0
2.10718E+12	17.08	0.06	192.62129	6.60294	54571.24863	0
2.10718E+12	17.08	0.06	192.62131	6.60294	54571.25562	0
2.10718E+12	17.06	0.06	192.6213	6.60294	54571.26261	0
2.10718E+12	17.08	0.06	192.62132	6.60295	54571.2696	0
2.10718E+12	17.1	0.06	192.62126	6.60295	54829.4859	0
2.10718E+12	17.15	0.06	192.62125	6.60297	54829.49713	0
2.10718E+12	17.01	0.06	192.62127	6.60301	54829.50831	0
2.10718E+12	17.1	0.06	192.62126	6.60295	54829.51961	0
2.10718E+12	17.07	0.06	192.62131	6.60295	54535.38023	0
2.10718E+12	17.08	0.06	192.62131	6.60293	54535.38982	0
2.10718E+12	17.04	0.06	192.62133	6.60301	54535.39949	0
2.10718E+12	17.06	0.06	192.62132	6.60294	54535.40919	0
2.10718E+12	17.1	0.06	192.62131	6.60292	54999.20484	0
2.10718E+12	17.1	0.06	192.6213	6.60293	54999.21176	0
2.10718E+12	17.12	0.06	192.62131	6.60295	54999.21865	0
2.10718E+12	17.13	0.06	192.62129	6.60292	54999.22542	0
2.10718E+12	17.09	0.06	192.62136	6.603	54918.29462	0
2.10718E+12	17.12	0.06	192.6213	6.60296	54918.3014	0
2.10718E+12	17.1	0.06	192.62135	6.60298	54918.3083	0
2.10718E+12	17.11	0.06	192.62131	6.60297	54918.31519	0
2.10718E+12	17.2	0.06	192.62131	6.60298	55370.20615	0
2.10718E+12	17.22	0.06	192.6213	6.60295	55370.21143	0
2.10718E+12	17.2	0.06	192.62128	6.60295	55370.2168	0
2.10718E+12	17.27	0.06	192.62129	6.60297	55370.22215	0
2.10718E+12	17.07	0.06	192.62128	6.60294	55657.30112	0
2.10718E+12	17.03	0.06	192.62128	6.60295	55657.30813	0
2.10718E+12	17.03	0.06	192.62127	6.60294	55657.31507	0
2.10718E+12	17.13	0.06	192.62133	6.60293	55587.52599	0
2.10718E+12	17.03	0.06	192.6213	6.60299	55587.5306	0
2.10718E+12	17.1	0.06	192.62133	6.60294	55587.53515	0
2.10718E+12	17.11	0.06	192.62128	6.60295	55587.5397	0
2.10718E+12	17.05	0.06	192.6212	6.60291	55958.46731	0
2.10718E+12	17.05	0.06	192.62121	6.60288	55958.4754	0
2.10718E+12	17.03	0.06	192.62121	6.6029	55958.48353	0
2.10718E+12	17.05	0.06	192.6212	6.60293	55958.49175	0
2.10718E+12	17.09	0.06	192.62122	6.60289	56011.33757	0
2.10718E+12	17.05	0.06	192.62122	6.60297	56011.34629	0
2.10718E+12	17.09	0.06	192.62118	6.60292	56011.355	0
2.10718E+12	17.09	0.06	192.62123	6.60291	56011.36369	0
2.10718E+12	17.12	0.06	192.62116	6.60292	56018.34324	0
2.10718E+12	17.13	0.06	192.62116	6.60293	56018.35063	0
2.10718E+12	17.13	0.06	192.62117	6.60292	56018.35816	0
2.10718E+12	17.1	0.06	192.62118	6.60293	56018.36564	0
2.10718E+12	17	0.06	192.62122	6.6029	56075.27088	0
2.10718E+12	17.02	0.06	192.62118	6.6029	56075.27662	0
2.10718E+12	17.03	0.06	192.62123	6.60288	56075.28244	0
2.10718E+12	17.02	0.06	192.62119	6.60294	56075.28825	0
2.10718E+12	17.13	0.06	192.62122	6.6029	56374.35277	0
2.10718E+12	17.12	0.07	192.62118	6.6029	56374.36173	0
2.10718E+12	17.16	0.07	192.62118	6.60293	56374.37072	0
2.10718E+12	17.1	0.06	192.62121	6.6029	56374.37972	0
2.10718E+12	17.15	0.07	192.62115	6.60291	56422.18222	0
2.10718E+12	17.21	0.07	192.62119	6.6029	56422.18672	0
2.10718E+12	17.18	0.07	192.62117	6.60291	56422.19121	0
2.10718E+12	17.14	0.07	192.62117	6.60294	56422.19575	0